11 2600781
11 4102881
11 4528074
11 6291713
11 14138106
11 14796770
11 15667288
11 17433348
11 20750623
11 21293993
11 24088026
11 27181522
11 28051496
11 29680720
11 31680810
11 31864584
11 34336887
11 36907019
11 39669421
11 40183675
11 40257671
11 40303920
11 40410509
11 41591647
11 47595324
11 49565137
11 50282311
11 53372013
11 53821938
11 53982376
11 56132141
11 57299484
11 59968555
11 62183374
11 62655209
11 64568686
11 65178595
11 65240437
11 66894928
11 69850622
11 71056268
11 72988866
11 73568660
11 75488185
11 81934262
11 82244645
11 82797961
11 82944950
11 84256988
11 86424337
11 89592671
11 90542562
11 91207979
11 92070155
11 93270384
11 93426707
11 95729345
11 98785235
12 342598
12 2295913
12 5230120
12 12868294
12 13558116
12 30690792
12 31625941
12 38036314
12 52748662
12 55925966
12 66086248
12 76362113
12 78763501
12 81786851
12 90225519
12 90569358
13 8338604
13 46663104
